(kicad_pcb (version 20171130) (host pcbnew 5.1.5)

  (general
    (thickness 1.57)
    (drawings 9)
    (tracks 875)
    (zones 0)
    (modules 16)
    (nets 83)
  )

  (page A4)
  (title_block
    (title "80960 Sx PCI Express Interface Board")
    (date 2020-02-02)
    (rev 4)
  )

  (layers
    (0 F.Cu signal)
    (1 In1.Cu signal)
    (2 In2.Cu signal)
    (31 B.Cu signal)
    (32 B.Adhes user)
    (33 F.Adhes user)
    (34 B.Paste user)
    (35 F.Paste user)
    (36 B.SilkS user)
    (37 F.SilkS user)
    (38 B.Mask user)
    (39 F.Mask user)
    (40 Dwgs.User user)
    (41 Cmts.User user)
    (42 Eco1.User user)
    (43 Eco2.User user)
    (44 Edge.Cuts user)
    (45 Margin user)
    (46 B.CrtYd user)
    (47 F.CrtYd user)
    (48 B.Fab user)
    (49 F.Fab user)
  )

  (setup
    (last_trace_width 0.25)
    (trace_clearance 0.2)
    (zone_clearance 0.508)
    (zone_45_only no)
    (trace_min 0.2)
    (via_size 0.8)
    (via_drill 0.4)
    (via_min_size 0.4)
    (via_min_drill 0.3)
    (blind_buried_vias_allowed yes)
    (uvia_size 0.3)
    (uvia_drill 0.1)
    (uvias_allowed yes)
    (uvia_min_size 0.2)
    (uvia_min_drill 0.1)
    (edge_width 0.05)
    (segment_width 0.2)
    (pcb_text_width 0.3)
    (pcb_text_size 1.5 1.5)
    (mod_edge_width 0.12)
    (mod_text_size 1 1)
    (mod_text_width 0.15)
    (pad_size 1.524 1.524)
    (pad_drill 0.762)
    (pad_to_mask_clearance 0.051)
    (solder_mask_min_width 0.25)
    (aux_axis_origin 0 0)
    (visible_elements FFFFFF7F)
    (pcbplotparams
      (layerselection 0x010fc_ffffffff)
      (usegerberextensions false)
      (usegerberattributes false)
      (usegerberadvancedattributes false)
      (creategerberjobfile false)
      (excludeedgelayer true)
      (linewidth 0.100000)
      (plotframeref false)
      (viasonmask false)
      (mode 1)
      (useauxorigin false)
      (hpglpennumber 1)
      (hpglpenspeed 20)
      (hpglpendiameter 15.000000)
      (psnegative false)
      (psa4output false)
      (plotreference true)
      (plotvalue true)
      (plotinvisibletext false)
      (padsonsilk false)
      (subtractmaskfromsilk false)
      (outputformat 1)
      (mirror false)
      (drillshape 1)
      (scaleselection 1)
      (outputdirectory ""))
  )

  (net 0 "")
  (net 1 +5V)
  (net 2 GND)
  (net 3 /AS_)
  (net 4 /RESET_)
  (net 5 /DEN_)
  (net 6 /DTR)
  (net 7 /BLAST_)
  (net 8 /CLK2)
  (net 9 /BE1_)
  (net 10 "Net-(J1-PadB49)")
  (net 11 "Net-(J1-PadB48)")
  (net 12 "Net-(J1-PadB47)")
  (net 13 /ALE)
  (net 14 /READY_)
  (net 15 /HOLD)
  (net 16 /HLDA)
  (net 17 /WR)
  (net 18 /LOCK_)
  (net 19 /BE0_)
  (net 20 /A3)
  (net 21 /A2)
  (net 22 /A1)
  (net 23 /D0)
  (net 24 /AD1)
  (net 25 /AD2)
  (net 26 /AD3)
  (net 27 /AD4)
  (net 28 /AD5)
  (net 29 /AD6)
  (net 30 /AD7)
  (net 31 /AD8)
  (net 32 /AD9)
  (net 33 /INT3)
  (net 34 /INT2)
  (net 35 /INT1)
  (net 36 /INT0)
  (net 37 /A16)
  (net 38 /A17)
  (net 39 /A18)
  (net 40 /A19)
  (net 41 /A20)
  (net 42 /A21)
  (net 43 /A22)
  (net 44 /A23)
  (net 45 /A24)
  (net 46 /A25)
  (net 47 /A30)
  (net 48 /A29)
  (net 49 /A28)
  (net 50 /A27)
  (net 51 /A26)
  (net 52 /A31)
  (net 53 /AD14)
  (net 54 /AD13)
  (net 55 /AD12)
  (net 56 /AD11)
  (net 57 /AD10)
  (net 58 /AD15)
  (net 59 "Net-(U1-Pad75)")
  (net 60 "Net-(U1-Pad23)")
  (net 61 "Net-(U1-Pad42)")
  (net 62 "Net-(U1-Pad50)")
  (net 63 "Net-(U1-Pad65)")
  (net 64 "Net-(X1-Pad1)")
  (net 65 "Net-(J1-PadA41)")
  (net 66 "Net-(J1-PadA40)")
  (net 67 "Net-(J1-PadA39)")
  (net 68 "Net-(J1-PadA38)")
  (net 69 "Net-(J1-PadA37)")
  (net 70 "Net-(J1-PadA36)")
  (net 71 "Net-(J1-PadA35)")
  (net 72 "Net-(J1-PadA34)")
  (net 73 "Net-(J1-PadB14)")
  (net 74 "Net-(J1-PadB13)")
  (net 75 "Net-(J1-PadA42)")
  (net 76 "Net-(J1-PadA43)")
  (net 77 "Net-(J1-PadA44)")
  (net 78 "Net-(J1-PadA45)")
  (net 79 "Net-(J1-PadA46)")
  (net 80 "Net-(J1-PadA26)")
  (net 81 "Net-(J1-PadA28)")
  (net 82 "Net-(J1-PadA27)")

  (net_class Default "This is the default net class."
    (clearance 0.2)
    (trace_width 0.25)
    (via_dia 0.8)
    (via_drill 0.4)
    (uvia_dia 0.3)
    (uvia_drill 0.1)
    (add_net +5V)
    (add_net /A1)
    (add_net /A16)
    (add_net /A17)
    (add_net /A18)
    (add_net /A19)
    (add_net /A2)
    (add_net /A20)
    (add_net /A21)
    (add_net /A22)
    (add_net /A23)
    (add_net /A24)
    (add_net /A25)
    (add_net /A26)
    (add_net /A27)
    (add_net /A28)
    (add_net /A29)
    (add_net /A3)
    (add_net /A30)
    (add_net /A31)
    (add_net /AD1)
    (add_net /AD10)
    (add_net /AD11)
    (add_net /AD12)
    (add_net /AD13)
    (add_net /AD14)
    (add_net /AD15)
    (add_net /AD2)
    (add_net /AD3)
    (add_net /AD4)
    (add_net /AD5)
    (add_net /AD6)
    (add_net /AD7)
    (add_net /AD8)
    (add_net /AD9)
    (add_net /ALE)
    (add_net /AS_)
    (add_net /BE0_)
    (add_net /BE1_)
    (add_net /BLAST_)
    (add_net /CLK2)
    (add_net /D0)
    (add_net /DEN_)
    (add_net /DTR)
    (add_net /HLDA)
    (add_net /HOLD)
    (add_net /INT0)
    (add_net /INT1)
    (add_net /INT2)
    (add_net /INT3)
    (add_net /LOCK_)
    (add_net /READY_)
    (add_net /RESET_)
    (add_net /WR)
    (add_net GND)
    (add_net "Net-(J1-PadA26)")
    (add_net "Net-(J1-PadA27)")
    (add_net "Net-(J1-PadA28)")
    (add_net "Net-(J1-PadA34)")
    (add_net "Net-(J1-PadA35)")
    (add_net "Net-(J1-PadA36)")
    (add_net "Net-(J1-PadA37)")
    (add_net "Net-(J1-PadA38)")
    (add_net "Net-(J1-PadA39)")
    (add_net "Net-(J1-PadA40)")
    (add_net "Net-(J1-PadA41)")
    (add_net "Net-(J1-PadA42)")
    (add_net "Net-(J1-PadA43)")
    (add_net "Net-(J1-PadA44)")
    (add_net "Net-(J1-PadA45)")
    (add_net "Net-(J1-PadA46)")
    (add_net "Net-(J1-PadB13)")
    (add_net "Net-(J1-PadB14)")
    (add_net "Net-(J1-PadB47)")
    (add_net "Net-(J1-PadB48)")
    (add_net "Net-(J1-PadB49)")
    (add_net "Net-(U1-Pad23)")
    (add_net "Net-(U1-Pad42)")
    (add_net "Net-(U1-Pad50)")
    (add_net "Net-(U1-Pad65)")
    (add_net "Net-(U1-Pad75)")
    (add_net "Net-(X1-Pad1)")
  )

  (module Connector_PCBEdge:BUS_PCIexpress_x8 (layer F.Cu) (tedit 5DBD33FF) (tstamp 5E49AE17)
    (at 155.956 156.464 90)
    (descr "PCIexpress Bus Edge Connector x1 http://www.ritrontek.com/uploadfile/2016/1026/20161026105231124.pdf#page=70")
    (tags PCIe)
    (path /5E384F11)
    (attr virtual)
    (fp_text reference J1 (at 5 -3.5 90) (layer F.SilkS)
      (effects (font (size 1 1) (thickness 0.15)))
    )
    (fp_text value PCIE-098-02-X-D-TH (at 10.33 -8.01 90) (layer F.Fab)
      (effects (font (size 1 1) (thickness 0.15)))
    )
    (fp_arc (start 11.5 -4) (end 12.45 -4) (angle -180) (layer Edge.Cuts) (width 0.1))
    (fp_text user "PCB Thickness 1.57 mm" (at 5 2.8 270) (layer Cmts.User)
      (effects (font (size 0.5 0.5) (thickness 0.1)))
    )
    (fp_line (start 50.65 2.95) (end 50.15 3.45) (layer Edge.Cuts) (width 0.1))
    (fp_line (start 12.45 2.95) (end 12.95 3.45) (layer Edge.Cuts) (width 0.1))
    (fp_line (start 10.55 2.95) (end 10.05 3.45) (layer Edge.Cuts) (width 0.1))
    (fp_line (start -0.65 2.95) (end -0.15 3.45) (layer Edge.Cuts) (width 0.1))
    (fp_line (start 12.95 3.45) (end 50.15 3.45) (layer Edge.Cuts) (width 0.1))
    (fp_line (start 50.65 -4.95) (end 50.65 2.95) (layer Edge.Cuts) (width 0.1))
    (fp_line (start -0.15 3.45) (end 10.05 3.45) (layer Edge.Cuts) (width 0.1))
    (fp_line (start -0.65 -4.95) (end -0.65 2.95) (layer Edge.Cuts) (width 0.1))
    (fp_line (start 12.45 -4) (end 12.45 2.95) (layer Edge.Cuts) (width 0.1))
    (fp_line (start 10.55 -4) (end 10.55 2.95) (layer Edge.Cuts) (width 0.1))
    (fp_line (start 51.15 3.95) (end -1.15 3.95) (layer F.CrtYd) (width 0.05))
    (fp_line (start 51.15 3.95) (end 51.15 -5.45) (layer F.CrtYd) (width 0.05))
    (fp_line (start -1.15 -5.45) (end -1.15 3.95) (layer F.CrtYd) (width 0.05))
    (fp_line (start -1.15 -5.45) (end 51.15 -5.45) (layer F.CrtYd) (width 0.05))
    (fp_text user %R (at 16 -3.5 90) (layer F.Fab)
      (effects (font (size 1 1) (thickness 0.15)))
    )
    (pad A49 connect rect (at 50 0 90) (size 0.7 4.3) (layers B.Cu B.Mask)
      (net 8 /CLK2))
    (pad A48 connect rect (at 49 0 90) (size 0.7 4.3) (layers B.Cu B.Mask)
      (net 6 /DTR))
    (pad A47 connect rect (at 48 0 90) (size 0.7 4.3) (layers B.Cu B.Mask)
      (net 5 /DEN_))
    (pad A46 connect rect (at 47 0 90) (size 0.7 4.3) (layers B.Cu B.Mask)
      (net 79 "Net-(J1-PadA46)"))
    (pad A45 connect rect (at 46 0 90) (size 0.7 4.3) (layers B.Cu B.Mask)
      (net 78 "Net-(J1-PadA45)"))
    (pad A44 connect rect (at 45 0 90) (size 0.7 4.3) (layers B.Cu B.Mask)
      (net 77 "Net-(J1-PadA44)"))
    (pad A43 connect rect (at 44 0 90) (size 0.7 4.3) (layers B.Cu B.Mask)
      (net 76 "Net-(J1-PadA43)"))
    (pad A42 connect rect (at 43 0 90) (size 0.7 4.3) (layers B.Cu B.Mask)
      (net 75 "Net-(J1-PadA42)"))
    (pad A13 connect rect (at 14 0 90) (size 0.7 4.3) (layers B.Cu B.Mask)
      (net 36 /INT0))
    (pad A12 connect rect (at 13 0 90) (size 0.7 4.3) (layers B.Cu B.Mask)
      (net 2 GND))
    (pad A18 connect rect (at 19 0 90) (size 0.7 4.3) (layers B.Cu B.Mask)
      (net 17 /WR))
    (pad A17 connect rect (at 18 0 90) (size 0.7 4.3) (layers B.Cu B.Mask)
      (net 18 /LOCK_))
    (pad A16 connect rect (at 17 0 90) (size 0.7 4.3) (layers B.Cu B.Mask)
      (net 33 /INT3))
    (pad A15 connect rect (at 16 0 90) (size 0.7 4.3) (layers B.Cu B.Mask)
      (net 34 /INT2))
    (pad A14 connect rect (at 15 0 90) (size 0.7 4.3) (layers B.Cu B.Mask)
      (net 35 /INT1))
    (pad A11 connect rect (at 10 0 90) (size 0.7 4.3) (layers B.Cu B.Mask)
      (net 1 +5V))
    (pad A10 connect rect (at 9 0 90) (size 0.7 4.3) (layers B.Cu B.Mask)
      (net 2 GND))
    (pad A9 connect rect (at 8 0 90) (size 0.7 4.3) (layers B.Cu B.Mask)
      (net 1 +5V))
    (pad A8 connect rect (at 7 0 90) (size 0.7 4.3) (layers B.Cu B.Mask)
      (net 2 GND))
    (pad A7 connect rect (at 6 0 90) (size 0.7 4.3) (layers B.Cu B.Mask)
      (net 1 +5V))
    (pad A6 connect rect (at 5 0 90) (size 0.7 4.3) (layers B.Cu B.Mask)
      (net 2 GND))
    (pad A5 connect rect (at 4 0 90) (size 0.7 4.3) (layers B.Cu B.Mask)
      (net 1 +5V))
    (pad A4 connect rect (at 3 0 90) (size 0.7 4.3) (layers B.Cu B.Mask)
      (net 2 GND))
    (pad A3 connect rect (at 2 0 90) (size 0.7 4.3) (layers B.Cu B.Mask)
      (net 1 +5V))
    (pad A2 connect rect (at 1 0 90) (size 0.7 4.3) (layers B.Cu B.Mask)
      (net 2 GND))
    (pad A1 connect rect (at 0 -0.55 90) (size 0.7 3.2) (layers B.Cu B.Mask)
      (net 1 +5V))
    (pad B13 connect rect (at 14 0 90) (size 0.7 4.3) (layers F.Cu F.Mask)
      (net 74 "Net-(J1-PadB13)"))
    (pad B12 connect rect (at 13 0 90) (size 0.7 4.3) (layers F.Cu F.Mask)
      (net 2 GND))
    (pad B18 connect rect (at 19 0 90) (size 0.7 4.3) (layers F.Cu F.Mask)
      (net 49 /A28))
    (pad B17 connect rect (at 18 0 90) (size 0.7 4.3) (layers F.Cu F.Mask)
      (net 48 /A29))
    (pad B16 connect rect (at 17 0 90) (size 0.7 4.3) (layers F.Cu F.Mask)
      (net 47 /A30))
    (pad B15 connect rect (at 16 0 90) (size 0.7 4.3) (layers F.Cu F.Mask)
      (net 52 /A31))
    (pad B14 connect rect (at 15 0 90) (size 0.7 4.3) (layers F.Cu F.Mask)
      (net 73 "Net-(J1-PadB14)"))
    (pad B11 connect rect (at 10 0 90) (size 0.7 4.3) (layers F.Cu F.Mask)
      (net 1 +5V))
    (pad B10 connect rect (at 9 0 90) (size 0.7 4.3) (layers F.Cu F.Mask)
      (net 2 GND))
    (pad B9 connect rect (at 8 0 90) (size 0.7 4.3) (layers F.Cu F.Mask)
      (net 1 +5V))
    (pad B8 connect rect (at 7 0 90) (size 0.7 4.3) (layers F.Cu F.Mask)
      (net 2 GND))
    (pad B7 connect rect (at 6 0 90) (size 0.7 4.3) (layers F.Cu F.Mask)
      (net 1 +5V))
    (pad B6 connect rect (at 5 0 90) (size 0.7 4.3) (layers F.Cu F.Mask)
      (net 2 GND))
    (pad B5 connect rect (at 4 0 90) (size 0.7 4.3) (layers F.Cu F.Mask)
      (net 1 +5V))
    (pad B4 connect rect (at 3 0 90) (size 0.7 4.3) (layers F.Cu F.Mask)
      (net 2 GND))
    (pad B3 connect rect (at 2 0 90) (size 0.7 4.3) (layers F.Cu F.Mask)
      (net 1 +5V))
    (pad B2 connect rect (at 1 0 90) (size 0.7 4.3) (layers F.Cu F.Mask)
      (net 2 GND))
    (pad B1 connect rect (at 0 0 90) (size 0.7 4.3) (layers F.Cu F.Mask)
      (net 1 +5V))
    (pad B19 connect rect (at 20 0 90) (size 0.7 4.3) (layers F.Cu F.Mask)
      (net 50 /A27))
    (pad B20 connect rect (at 21 0 90) (size 0.7 4.3) (layers F.Cu F.Mask)
      (net 51 /A26))
    (pad B21 connect rect (at 22 0 90) (size 0.7 4.3) (layers F.Cu F.Mask)
      (net 46 /A25))
    (pad B22 connect rect (at 23 0 90) (size 0.7 4.3) (layers F.Cu F.Mask)
      (net 45 /A24))
    (pad B23 connect rect (at 24 0 90) (size 0.7 4.3) (layers F.Cu F.Mask)
      (net 44 /A23))
    (pad B24 connect rect (at 25 0 90) (size 0.7 4.3) (layers F.Cu F.Mask)
      (net 43 /A22))
    (pad B25 connect rect (at 26 0 90) (size 0.7 4.3) (layers F.Cu F.Mask)
      (net 42 /A21))
    (pad B26 connect rect (at 27 0 90) (size 0.7 4.3) (layers F.Cu F.Mask)
      (net 41 /A20))
    (pad B27 connect rect (at 28 0 90) (size 0.7 4.3) (layers F.Cu F.Mask)
      (net 40 /A19))
    (pad B28 connect rect (at 29 0 90) (size 0.7 4.3) (layers F.Cu F.Mask)
      (net 39 /A18))
    (pad B29 connect rect (at 30 0 90) (size 0.7 4.3) (layers F.Cu F.Mask)
      (net 38 /A17))
    (pad B30 connect rect (at 31 0 90) (size 0.7 4.3) (layers F.Cu F.Mask)
      (net 37 /A16))
    (pad B31 connect rect (at 32 0 90) (size 0.7 4.3) (layers F.Cu F.Mask)
      (net 58 /AD15))
    (pad B32 connect rect (at 33 0 90) (size 0.7 4.3) (layers F.Cu F.Mask)
      (net 53 /AD14))
    (pad A19 connect rect (at 20 0 90) (size 0.7 4.3) (layers B.Cu B.Mask)
      (net 16 /HLDA))
    (pad A20 connect rect (at 21 0 90) (size 0.7 4.3) (layers B.Cu B.Mask)
      (net 15 /HOLD))
    (pad A21 connect rect (at 22 0 90) (size 0.7 4.3) (layers B.Cu B.Mask)
      (net 14 /READY_))
    (pad A22 connect rect (at 23 0 90) (size 0.7 4.3) (layers B.Cu B.Mask)
      (net 13 /ALE))
    (pad A23 connect rect (at 24 0 90) (size 0.7 4.3) (layers B.Cu B.Mask)
      (net 9 /BE1_))
    (pad A24 connect rect (at 25 0 90) (size 0.7 4.3) (layers B.Cu B.Mask)
      (net 19 /BE0_))
    (pad A25 connect rect (at 26 0 90) (size 0.7 4.3) (layers B.Cu B.Mask)
      (net 7 /BLAST_))
    (pad A26 connect rect (at 27 0 90) (size 0.7 4.3) (layers B.Cu B.Mask)
      (net 80 "Net-(J1-PadA26)"))
    (pad A27 connect rect (at 28 0 90) (size 0.7 4.3) (layers B.Cu B.Mask)
      (net 82 "Net-(J1-PadA27)"))
    (pad A28 connect rect (at 29 0 90) (size 0.7 4.3) (layers B.Cu B.Mask)
      (net 81 "Net-(J1-PadA28)"))
    (pad A29 connect rect (at 30 0 90) (size 0.7 4.3) (layers B.Cu B.Mask)
      (net 3 /AS_))
    (pad A30 connect rect (at 31 0 90) (size 0.7 4.3) (layers B.Cu B.Mask)
      (net 4 /RESET_))
    (pad A31 connect rect (at 32 0 90) (size 0.7 4.3) (layers B.Cu B.Mask)
      (net 22 /A1))
    (pad A32 connect rect (at 33 0 90) (size 0.7 4.3) (layers B.Cu B.Mask)
      (net 21 /A2))
    (pad B33 connect rect (at 34 0 90) (size 0.7 4.3) (layers F.Cu F.Mask)
      (net 54 /AD13))
    (pad B34 connect rect (at 35 0 90) (size 0.7 4.3) (layers F.Cu F.Mask)
      (net 55 /AD12))
    (pad B35 connect rect (at 36 0 90) (size 0.7 4.3) (layers F.Cu F.Mask)
      (net 56 /AD11))
    (pad B36 connect rect (at 37 0 90) (size 0.7 4.3) (layers F.Cu F.Mask)
      (net 57 /AD10))
    (pad B37 connect rect (at 38 0 90) (size 0.7 4.3) (layers F.Cu F.Mask)
      (net 32 /AD9))
    (pad B38 connect rect (at 39 0 90) (size 0.7 4.3) (layers F.Cu F.Mask)
      (net 31 /AD8))
    (pad B39 connect rect (at 40 0 90) (size 0.7 4.3) (layers F.Cu F.Mask)
      (net 30 /AD7))
    (pad B40 connect rect (at 41 0 90) (size 0.7 4.3) (layers F.Cu F.Mask)
      (net 29 /AD6))
    (pad B41 connect rect (at 42 0 90) (size 0.7 4.3) (layers F.Cu F.Mask)
      (net 28 /AD5))
    (pad B42 connect rect (at 43 0 90) (size 0.7 4.3) (layers F.Cu F.Mask)
      (net 27 /AD4))
    (pad B43 connect rect (at 44 0 90) (size 0.7 4.3) (layers F.Cu F.Mask)
      (net 26 /AD3))
    (pad B44 connect rect (at 45 0 90) (size 0.7 4.3) (layers F.Cu F.Mask)
      (net 25 /AD2))
    (pad B45 connect rect (at 46 0 90) (size 0.7 4.3) (layers F.Cu F.Mask)
      (net 24 /AD1))
    (pad B46 connect rect (at 47 0 90) (size 0.7 4.3) (layers F.Cu F.Mask)
      (net 23 /D0))
    (pad B47 connect rect (at 48 0 90) (size 0.7 4.3) (layers F.Cu F.Mask)
      (net 12 "Net-(J1-PadB47)"))
    (pad B48 connect rect (at 49 -0.55 90) (size 0.7 3.2) (layers F.Cu F.Mask)
      (net 11 "Net-(J1-PadB48)"))
    (pad B49 connect rect (at 50 0 90) (size 0.7 4.3) (layers F.Cu F.Mask)
      (net 10 "Net-(J1-PadB49)"))
    (pad A33 connect rect (at 34 0 90) (size 0.7 4.3) (layers B.Cu B.Mask)
      (net 20 /A3))
    (pad A34 connect rect (at 35 0 90) (size 0.7 4.3) (layers B.Cu B.Mask)
      (net 72 "Net-(J1-PadA34)"))
    (pad A35 connect rect (at 36 0 90) (size 0.7 4.3) (layers B.Cu B.Mask)
      (net 71 "Net-(J1-PadA35)"))
    (pad A36 connect rect (at 37 0 90) (size 0.7 4.3) (layers B.Cu B.Mask)
      (net 70 "Net-(J1-PadA36)"))
    (pad A37 connect rect (at 38 0 90) (size 0.7 4.3) (layers B.Cu B.Mask)
      (net 69 "Net-(J1-PadA37)"))
    (pad A38 connect rect (at 39 0 90) (size 0.7 4.3) (layers B.Cu B.Mask)
      (net 68 "Net-(J1-PadA38)"))
    (pad A39 connect rect (at 40 0 90) (size 0.7 4.3) (layers B.Cu B.Mask)
      (net 67 "Net-(J1-PadA39)"))
    (pad A40 connect rect (at 41 0 90) (size 0.7 4.3) (layers B.Cu B.Mask)
      (net 66 "Net-(J1-PadA40)"))
    (pad A41 connect rect (at 42 0 90) (size 0.7 4.3) (layers B.Cu B.Mask)
      (net 65 "Net-(J1-PadA41)"))
  )

  (module Capacitor_SMD:C_0805_2012Metric_Pad1.15x1.40mm_HandSolder (layer F.Cu) (tedit 5B36C52B) (tstamp 5E383AE2)
    (at 105.41 105.165 90)
    (descr "Capacitor SMD 0805 (2012 Metric), square (rectangular) end terminal, IPC_7351 nominal with elongated pad for handsoldering. (Body size source: https://docs.google.com/spreadsheets/d/1BsfQQcO9C6DZCsRaXUlFlo91Tg2WpOkGARC1WS5S8t0/edit?usp=sharing), generated with kicad-footprint-generator")
    (tags "capacitor handsolder")
    (path /5E3D29E3)
    (attr smd)
    (fp_text reference C1 (at 0 -1.65 90) (layer F.SilkS)
      (effects (font (size 1 1) (thickness 0.15)))
    )
    (fp_text value 0.1uF (at 0 1.65 90) (layer F.Fab)
      (effects (font (size 1 1) (thickness 0.15)))
    )
    (fp_line (start -1 0.6) (end -1 -0.6) (layer F.Fab) (width 0.1))
    (fp_line (start -1 -0.6) (end 1 -0.6) (layer F.Fab) (width 0.1))
    (fp_line (start 1 -0.6) (end 1 0.6) (layer F.Fab) (width 0.1))
    (fp_line (start 1 0.6) (end -1 0.6) (layer F.Fab) (width 0.1))
    (fp_line (start -0.261252 -0.71) (end 0.261252 -0.71) (layer F.SilkS) (width 0.12))
    (fp_line (start -0.261252 0.71) (end 0.261252 0.71) (layer F.SilkS) (width 0.12))
    (fp_line (start -1.85 0.95) (end -1.85 -0.95) (layer F.CrtYd) (width 0.05))
    (fp_line (start -1.85 -0.95) (end 1.85 -0.95) (layer F.CrtYd) (width 0.05))
    (fp_line (start 1.85 -0.95) (end 1.85 0.95) (layer F.CrtYd) (width 0.05))
    (fp_line (start 1.85 0.95) (end -1.85 0.95) (layer F.CrtYd) (width 0.05))
    (fp_text user %R (at 0 0 90) (layer F.Fab)
      (effects (font (size 0.5 0.5) (thickness 0.08)))
    )
    (pad 1 smd roundrect (at -1.025 0 90) (size 1.15 1.4) (layers F.Cu F.Paste F.Mask) (roundrect_rratio 0.217391)
      (net 1 +5V))
    (pad 2 smd roundrect (at 1.025 0 90) (size 1.15 1.4) (layers F.Cu F.Paste F.Mask) (roundrect_rratio 0.217391)
      (net 2 GND))
    (model ${KISYS3DMOD}/Capacitor_SMD.3dshapes/C_0805_2012Metric.wrl
      (at (xyz 0 0 0))
      (scale (xyz 1 1 1))
      (rotate (xyz 0 0 0))
    )
  )

  (module Capacitor_SMD:C_0805_2012Metric_Pad1.15x1.40mm_HandSolder (layer F.Cu) (tedit 5B36C52B) (tstamp 5E38344C)
    (at 84.065 113.03)
    (descr "Capacitor SMD 0805 (2012 Metric), square (rectangular) end terminal, IPC_7351 nominal with elongated pad for handsoldering. (Body size source: https://docs.google.com/spreadsheets/d/1BsfQQcO9C6DZCsRaXUlFlo91Tg2WpOkGARC1WS5S8t0/edit?usp=sharing), generated with kicad-footprint-generator")
    (tags "capacitor handsolder")
    (path /5E3D8325)
    (attr smd)
    (fp_text reference C2 (at 0 -1.65) (layer F.SilkS)
      (effects (font (size 1 1) (thickness 0.15)))
    )
    (fp_text value 0.1uF (at 0 1.65) (layer F.Fab)
      (effects (font (size 1 1) (thickness 0.15)))
    )
    (fp_text user %R (at 0 0) (layer F.Fab)
      (effects (font (size 0.5 0.5) (thickness 0.08)))
    )
    (fp_line (start 1.85 0.95) (end -1.85 0.95) (layer F.CrtYd) (width 0.05))
    (fp_line (start 1.85 -0.95) (end 1.85 0.95) (layer F.CrtYd) (width 0.05))
    (fp_line (start -1.85 -0.95) (end 1.85 -0.95) (layer F.CrtYd) (width 0.05))
    (fp_line (start -1.85 0.95) (end -1.85 -0.95) (layer F.CrtYd) (width 0.05))
    (fp_line (start -0.261252 0.71) (end 0.261252 0.71) (layer F.SilkS) (width 0.12))
    (fp_line (start -0.261252 -0.71) (end 0.261252 -0.71) (layer F.SilkS) (width 0.12))
    (fp_line (start 1 0.6) (end -1 0.6) (layer F.Fab) (width 0.1))
    (fp_line (start 1 -0.6) (end 1 0.6) (layer F.Fab) (width 0.1))
    (fp_line (start -1 -0.6) (end 1 -0.6) (layer F.Fab) (width 0.1))
    (fp_line (start -1 0.6) (end -1 -0.6) (layer F.Fab) (width 0.1))
    (pad 2 smd roundrect (at 1.025 0) (size 1.15 1.4) (layers F.Cu F.Paste F.Mask) (roundrect_rratio 0.217391)
      (net 2 GND))
    (pad 1 smd roundrect (at -1.025 0) (size 1.15 1.4) (layers F.Cu F.Paste F.Mask) (roundrect_rratio 0.217391)
      (net 1 +5V))
    (model ${KISYS3DMOD}/Capacitor_SMD.3dshapes/C_0805_2012Metric.wrl
      (at (xyz 0 0 0))
      (scale (xyz 1 1 1))
      (rotate (xyz 0 0 0))
    )
  )

  (module Capacitor_SMD:C_0805_2012Metric_Pad1.15x1.40mm_HandSolder (layer F.Cu) (tedit 5B36C52B) (tstamp 5E3783F8)
    (at 78.985 113.03)
    (descr "Capacitor SMD 0805 (2012 Metric), square (rectangular) end terminal, IPC_7351 nominal with elongated pad for handsoldering. (Body size source: https://docs.google.com/spreadsheets/d/1BsfQQcO9C6DZCsRaXUlFlo91Tg2WpOkGARC1WS5S8t0/edit?usp=sharing), generated with kicad-footprint-generator")
    (tags "capacitor handsolder")
    (path /5E639CE6)
    (attr smd)
    (fp_text reference C3 (at 0 -1.65) (layer F.SilkS)
      (effects (font (size 1 1) (thickness 0.15)))
    )
    (fp_text value 0.1uF (at 0 1.65) (layer F.Fab)
      (effects (font (size 1 1) (thickness 0.15)))
    )
    (fp_line (start -1 0.6) (end -1 -0.6) (layer F.Fab) (width 0.1))
    (fp_line (start -1 -0.6) (end 1 -0.6) (layer F.Fab) (width 0.1))
    (fp_line (start 1 -0.6) (end 1 0.6) (layer F.Fab) (width 0.1))
    (fp_line (start 1 0.6) (end -1 0.6) (layer F.Fab) (width 0.1))
    (fp_line (start -0.261252 -0.71) (end 0.261252 -0.71) (layer F.SilkS) (width 0.12))
    (fp_line (start -0.261252 0.71) (end 0.261252 0.71) (layer F.SilkS) (width 0.12))
    (fp_line (start -1.85 0.95) (end -1.85 -0.95) (layer F.CrtYd) (width 0.05))
    (fp_line (start -1.85 -0.95) (end 1.85 -0.95) (layer F.CrtYd) (width 0.05))
    (fp_line (start 1.85 -0.95) (end 1.85 0.95) (layer F.CrtYd) (width 0.05))
    (fp_line (start 1.85 0.95) (end -1.85 0.95) (layer F.CrtYd) (width 0.05))
    (fp_text user %R (at 0 0) (layer F.Fab)
      (effects (font (size 0.5 0.5) (thickness 0.08)))
    )
    (pad 1 smd roundrect (at -1.025 0) (size 1.15 1.4) (layers F.Cu F.Paste F.Mask) (roundrect_rratio 0.217391)
      (net 1 +5V))
    (pad 2 smd roundrect (at 1.025 0) (size 1.15 1.4) (layers F.Cu F.Paste F.Mask) (roundrect_rratio 0.217391)
      (net 2 GND))
    (model ${KISYS3DMOD}/Capacitor_SMD.3dshapes/C_0805_2012Metric.wrl
      (at (xyz 0 0 0))
      (scale (xyz 1 1 1))
      (rotate (xyz 0 0 0))
    )
  )

  (module Capacitor_SMD:C_0805_2012Metric_Pad1.15x1.40mm_HandSolder (layer F.Cu) (tedit 5B36C52B) (tstamp 5E378409)
    (at 62.493 100.584 180)
    (descr "Capacitor SMD 0805 (2012 Metric), square (rectangular) end terminal, IPC_7351 nominal with elongated pad for handsoldering. (Body size source: https://docs.google.com/spreadsheets/d/1BsfQQcO9C6DZCsRaXUlFlo91Tg2WpOkGARC1WS5S8t0/edit?usp=sharing), generated with kicad-footprint-generator")
    (tags "capacitor handsolder")
    (path /5E62D864)
    (attr smd)
    (fp_text reference C4 (at 0 -1.65) (layer F.SilkS)
      (effects (font (size 1 1) (thickness 0.15)))
    )
    (fp_text value 0.1uF (at 0 1.65) (layer F.Fab)
      (effects (font (size 1 1) (thickness 0.15)))
    )
    (fp_text user %R (at 0 0) (layer F.Fab)
      (effects (font (size 0.5 0.5) (thickness 0.08)))
    )
    (fp_line (start 1.85 0.95) (end -1.85 0.95) (layer F.CrtYd) (width 0.05))
    (fp_line (start 1.85 -0.95) (end 1.85 0.95) (layer F.CrtYd) (width 0.05))
    (fp_line (start -1.85 -0.95) (end 1.85 -0.95) (layer F.CrtYd) (width 0.05))
    (fp_line (start -1.85 0.95) (end -1.85 -0.95) (layer F.CrtYd) (width 0.05))
    (fp_line (start -0.261252 0.71) (end 0.261252 0.71) (layer F.SilkS) (width 0.12))
    (fp_line (start -0.261252 -0.71) (end 0.261252 -0.71) (layer F.SilkS) (width 0.12))
    (fp_line (start 1 0.6) (end -1 0.6) (layer F.Fab) (width 0.1))
    (fp_line (start 1 -0.6) (end 1 0.6) (layer F.Fab) (width 0.1))
    (fp_line (start -1 -0.6) (end 1 -0.6) (layer F.Fab) (width 0.1))
    (fp_line (start -1 0.6) (end -1 -0.6) (layer F.Fab) (width 0.1))
    (pad 2 smd roundrect (at 1.025 0 180) (size 1.15 1.4) (layers F.Cu F.Paste F.Mask) (roundrect_rratio 0.217391)
      (net 2 GND))
    (pad 1 smd roundrect (at -1.025 0 180) (size 1.15 1.4) (layers F.Cu F.Paste F.Mask) (roundrect_rratio 0.217391)
      (net 1 +5V))
    (model ${KISYS3DMOD}/Capacitor_SMD.3dshapes/C_0805_2012Metric.wrl
      (at (xyz 0 0 0))
      (scale (xyz 1 1 1))
      (rotate (xyz 0 0 0))
    )
  )

  (module Capacitor_SMD:C_0805_2012Metric_Pad1.15x1.40mm_HandSolder (layer F.Cu) (tedit 5B36C52B) (tstamp 5E37841A)
    (at 62.23 92.71 180)
    (descr "Capacitor SMD 0805 (2012 Metric), square (rectangular) end terminal, IPC_7351 nominal with elongated pad for handsoldering. (Body size source: https://docs.google.com/spreadsheets/d/1BsfQQcO9C6DZCsRaXUlFlo91Tg2WpOkGARC1WS5S8t0/edit?usp=sharing), generated with kicad-footprint-generator")
    (tags "capacitor handsolder")
    (path /5E6A7AE6)
    (attr smd)
    (fp_text reference C5 (at 0 -1.65) (layer F.SilkS)
      (effects (font (size 1 1) (thickness 0.15)))
    )
    (fp_text value 0.1uF (at 0 1.65) (layer F.Fab)
      (effects (font (size 1 1) (thickness 0.15)))
    )
    (fp_text user %R (at 0 0) (layer F.Fab)
      (effects (font (size 0.5 0.5) (thickness 0.08)))
    )
    (fp_line (start 1.85 0.95) (end -1.85 0.95) (layer F.CrtYd) (width 0.05))
    (fp_line (start 1.85 -0.95) (end 1.85 0.95) (layer F.CrtYd) (width 0.05))
    (fp_line (start -1.85 -0.95) (end 1.85 -0.95) (layer F.CrtYd) (width 0.05))
    (fp_line (start -1.85 0.95) (end -1.85 -0.95) (layer F.CrtYd) (width 0.05))
    (fp_line (start -0.261252 0.71) (end 0.261252 0.71) (layer F.SilkS) (width 0.12))
    (fp_line (start -0.261252 -0.71) (end 0.261252 -0.71) (layer F.SilkS) (width 0.12))
    (fp_line (start 1 0.6) (end -1 0.6) (layer F.Fab) (width 0.1))
    (fp_line (start 1 -0.6) (end 1 0.6) (layer F.Fab) (width 0.1))
    (fp_line (start -1 -0.6) (end 1 -0.6) (layer F.Fab) (width 0.1))
    (fp_line (start -1 0.6) (end -1 -0.6) (layer F.Fab) (width 0.1))
    (pad 2 smd roundrect (at 1.025 0 180) (size 1.15 1.4) (layers F.Cu F.Paste F.Mask) (roundrect_rratio 0.217391)
      (net 2 GND))
    (pad 1 smd roundrect (at -1.025 0 180) (size 1.15 1.4) (layers F.Cu F.Paste F.Mask) (roundrect_rratio 0.217391)
      (net 1 +5V))
    (model ${KISYS3DMOD}/Capacitor_SMD.3dshapes/C_0805_2012Metric.wrl
      (at (xyz 0 0 0))
      (scale (xyz 1 1 1))
      (rotate (xyz 0 0 0))
    )
  )

  (module Capacitor_SMD:C_0805_2012Metric_Pad1.15x1.40mm_HandSolder (layer F.Cu) (tedit 5B36C52B) (tstamp 5E37842B)
    (at 74.168 71.882 90)
    (descr "Capacitor SMD 0805 (2012 Metric), square (rectangular) end terminal, IPC_7351 nominal with elongated pad for handsoldering. (Body size source: https://docs.google.com/spreadsheets/d/1BsfQQcO9C6DZCsRaXUlFlo91Tg2WpOkGARC1WS5S8t0/edit?usp=sharing), generated with kicad-footprint-generator")
    (tags "capacitor handsolder")
    (path /5E618C0D)
    (attr smd)
    (fp_text reference C6 (at 3.048 0 90) (layer F.SilkS)
      (effects (font (size 1 1) (thickness 0.15)))
    )
    (fp_text value 0.1uF (at 0 1.65 90) (layer F.Fab)
      (effects (font (size 1 1) (thickness 0.15)))
    )
    (fp_line (start -1 0.6) (end -1 -0.6) (layer F.Fab) (width 0.1))
    (fp_line (start -1 -0.6) (end 1 -0.6) (layer F.Fab) (width 0.1))
    (fp_line (start 1 -0.6) (end 1 0.6) (layer F.Fab) (width 0.1))
    (fp_line (start 1 0.6) (end -1 0.6) (layer F.Fab) (width 0.1))
    (fp_line (start -0.261252 -0.71) (end 0.261252 -0.71) (layer F.SilkS) (width 0.12))
    (fp_line (start -0.261252 0.71) (end 0.261252 0.71) (layer F.SilkS) (width 0.12))
    (fp_line (start -1.85 0.95) (end -1.85 -0.95) (layer F.CrtYd) (width 0.05))
    (fp_line (start -1.85 -0.95) (end 1.85 -0.95) (layer F.CrtYd) (width 0.05))
    (fp_line (start 1.85 -0.95) (end 1.85 0.95) (layer F.CrtYd) (width 0.05))
    (fp_line (start 1.85 0.95) (end -1.85 0.95) (layer F.CrtYd) (width 0.05))
    (fp_text user %R (at 0 0) (layer F.Fab)
      (effects (font (size 0.5 0.5) (thickness 0.08)))
    )
    (pad 1 smd roundrect (at -1.025 0 90) (size 1.15 1.4) (layers F.Cu F.Paste F.Mask) (roundrect_rratio 0.217391)
      (net 1 +5V))
    (pad 2 smd roundrect (at 1.025 0 90) (size 1.15 1.4) (layers F.Cu F.Paste F.Mask) (roundrect_rratio 0.217391)
      (net 2 GND))
    (model ${KISYS3DMOD}/Capacitor_SMD.3dshapes/C_0805_2012Metric.wrl
      (at (xyz 0 0 0))
      (scale (xyz 1 1 1))
      (rotate (xyz 0 0 0))
    )
  )

  (module Capacitor_SMD:C_0805_2012Metric_Pad1.15x1.40mm_HandSolder (layer F.Cu) (tedit 5B36C52B) (tstamp 5E38341C)
    (at 77.47 71.882 90)
    (descr "Capacitor SMD 0805 (2012 Metric), square (rectangular) end terminal, IPC_7351 nominal with elongated pad for handsoldering. (Body size source: https://docs.google.com/spreadsheets/d/1BsfQQcO9C6DZCsRaXUlFlo91Tg2WpOkGARC1WS5S8t0/edit?usp=sharing), generated with kicad-footprint-generator")
    (tags "capacitor handsolder")
    (path /5E6144F2)
    (attr smd)
    (fp_text reference C7 (at 3.048 0 90) (layer F.SilkS)
      (effects (font (size 1 1) (thickness 0.15)))
    )
    (fp_text value 0.1uF (at 0 1.65 90) (layer F.Fab)
      (effects (font (size 1 1) (thickness 0.15)))
    )
    (fp_text user %R (at 0 0 90) (layer F.Fab)
      (effects (font (size 0.5 0.5) (thickness 0.08)))
    )
    (fp_line (start 1.85 0.95) (end -1.85 0.95) (layer F.CrtYd) (width 0.05))
    (fp_line (start 1.85 -0.95) (end 1.85 0.95) (layer F.CrtYd) (width 0.05))
    (fp_line (start -1.85 -0.95) (end 1.85 -0.95) (layer F.CrtYd) (width 0.05))
    (fp_line (start -1.85 0.95) (end -1.85 -0.95) (layer F.CrtYd) (width 0.05))
    (fp_line (start -0.261252 0.71) (end 0.261252 0.71) (layer F.SilkS) (width 0.12))
    (fp_line (start -0.261252 -0.71) (end 0.261252 -0.71) (layer F.SilkS) (width 0.12))
    (fp_line (start 1 0.6) (end -1 0.6) (layer F.Fab) (width 0.1))
    (fp_line (start 1 -0.6) (end 1 0.6) (layer F.Fab) (width 0.1))
    (fp_line (start -1 -0.6) (end 1 -0.6) (layer F.Fab) (width 0.1))
    (fp_line (start -1 0.6) (end -1 -0.6) (layer F.Fab) (width 0.1))
    (pad 2 smd roundrect (at 1.025 0 90) (size 1.15 1.4) (layers F.Cu F.Paste F.Mask) (roundrect_rratio 0.217391)
      (net 2 GND))
    (pad 1 smd roundrect (at -1.025 0 90) (size 1.15 1.4) (layers F.Cu F.Paste F.Mask) (roundrect_rratio 0.217391)
      (net 1 +5V))
    (model ${KISYS3DMOD}/Capacitor_SMD.3dshapes/C_0805_2012Metric.wrl
      (at (xyz 0 0 0))
      (scale (xyz 1 1 1))
      (rotate (xyz 0 0 0))
    )
  )

  (module Capacitor_SMD:C_0805_2012Metric_Pad1.15x1.40mm_HandSolder (layer F.Cu) (tedit 5B36C52B) (tstamp 5E37844D)
    (at 97.545 113.03)
    (descr "Capacitor SMD 0805 (2012 Metric), square (rectangular) end terminal, IPC_7351 nominal with elongated pad for handsoldering. (Body size source: https://docs.google.com/spreadsheets/d/1BsfQQcO9C6DZCsRaXUlFlo91Tg2WpOkGARC1WS5S8t0/edit?usp=sharing), generated with kicad-footprint-generator")
    (tags "capacitor handsolder")
    (path /5E69FB4C)
    (attr smd)
    (fp_text reference C8 (at 0 -1.65) (layer F.SilkS)
      (effects (font (size 1 1) (thickness 0.15)))
    )
    (fp_text value 0.1uF (at 0 1.65) (layer F.Fab)
      (effects (font (size 1 1) (thickness 0.15)))
    )
    (fp_line (start -1 0.6) (end -1 -0.6) (layer F.Fab) (width 0.1))
    (fp_line (start -1 -0.6) (end 1 -0.6) (layer F.Fab) (width 0.1))
    (fp_line (start 1 -0.6) (end 1 0.6) (layer F.Fab) (width 0.1))
    (fp_line (start 1 0.6) (end -1 0.6) (layer F.Fab) (width 0.1))
    (fp_line (start -0.261252 -0.71) (end 0.261252 -0.71) (layer F.SilkS) (width 0.12))
    (fp_line (start -0.261252 0.71) (end 0.261252 0.71) (layer F.SilkS) (width 0.12))
    (fp_line (start -1.85 0.95) (end -1.85 -0.95) (layer F.CrtYd) (width 0.05))
    (fp_line (start -1.85 -0.95) (end 1.85 -0.95) (layer F.CrtYd) (width 0.05))
    (fp_line (start 1.85 -0.95) (end 1.85 0.95) (layer F.CrtYd) (width 0.05))
    (fp_line (start 1.85 0.95) (end -1.85 0.95) (layer F.CrtYd) (width 0.05))
    (fp_text user %R (at 0 0) (layer F.Fab)
      (effects (font (size 0.5 0.5) (thickness 0.08)))
    )
    (pad 1 smd roundrect (at -1.025 0) (size 1.15 1.4) (layers F.Cu F.Paste F.Mask) (roundrect_rratio 0.217391)
      (net 1 +5V))
    (pad 2 smd roundrect (at 1.025 0) (size 1.15 1.4) (layers F.Cu F.Paste F.Mask) (roundrect_rratio 0.217391)
      (net 2 GND))
    (model ${KISYS3DMOD}/Capacitor_SMD.3dshapes/C_0805_2012Metric.wrl
      (at (xyz 0 0 0))
      (scale (xyz 1 1 1))
      (rotate (xyz 0 0 0))
    )
  )

  (module Capacitor_SMD:C_0805_2012Metric_Pad1.15x1.40mm_HandSolder (layer F.Cu) (tedit 5B36C52B) (tstamp 5E37845E)
    (at 87.63 70.875 90)
    (descr "Capacitor SMD 0805 (2012 Metric), square (rectangular) end terminal, IPC_7351 nominal with elongated pad for handsoldering. (Body size source: https://docs.google.com/spreadsheets/d/1BsfQQcO9C6DZCsRaXUlFlo91Tg2WpOkGARC1WS5S8t0/edit?usp=sharing), generated with kicad-footprint-generator")
    (tags "capacitor handsolder")
    (path /5E60DF77)
    (attr smd)
    (fp_text reference C9 (at 0 -1.65 90) (layer F.SilkS)
      (effects (font (size 1 1) (thickness 0.15)))
    )
    (fp_text value 0.1uF (at 0 1.65 90) (layer F.Fab)
      (effects (font (size 1 1) (thickness 0.15)))
    )
    (fp_line (start -1 0.6) (end -1 -0.6) (layer F.Fab) (width 0.1))
    (fp_line (start -1 -0.6) (end 1 -0.6) (layer F.Fab) (width 0.1))
    (fp_line (start 1 -0.6) (end 1 0.6) (layer F.Fab) (width 0.1))
    (fp_line (start 1 0.6) (end -1 0.6) (layer F.Fab) (width 0.1))
    (fp_line (start -0.261252 -0.71) (end 0.261252 -0.71) (layer F.SilkS) (width 0.12))
    (fp_line (start -0.261252 0.71) (end 0.261252 0.71) (layer F.SilkS) (width 0.12))
    (fp_line (start -1.85 0.95) (end -1.85 -0.95) (layer F.CrtYd) (width 0.05))
    (fp_line (start -1.85 -0.95) (end 1.85 -0.95) (layer F.CrtYd) (width 0.05))
    (fp_line (start 1.85 -0.95) (end 1.85 0.95) (layer F.CrtYd) (width 0.05))
    (fp_line (start 1.85 0.95) (end -1.85 0.95) (layer F.CrtYd) (width 0.05))
    (fp_text user %R (at 0 0 90) (layer F.Fab)
      (effects (font (size 0.5 0.5) (thickness 0.08)))
    )
    (pad 1 smd roundrect (at -1.025 0 90) (size 1.15 1.4) (layers F.Cu F.Paste F.Mask) (roundrect_rratio 0.217391)
      (net 1 +5V))
    (pad 2 smd roundrect (at 1.025 0 90) (size 1.15 1.4) (layers F.Cu F.Paste F.Mask) (roundrect_rratio 0.217391)
      (net 2 GND))
    (model ${KISYS3DMOD}/Capacitor_SMD.3dshapes/C_0805_2012Metric.wrl
      (at (xyz 0 0 0))
      (scale (xyz 1 1 1))
      (rotate (xyz 0 0 0))
    )
  )

  (module Capacitor_SMD:C_0805_2012Metric_Pad1.15x1.40mm_HandSolder (layer F.Cu) (tedit 5B36C52B) (tstamp 5E3834AC)
    (at 106.68 78.495 90)
    (descr "Capacitor SMD 0805 (2012 Metric), square (rectangular) end terminal, IPC_7351 nominal with elongated pad for handsoldering. (Body size source: https://docs.google.com/spreadsheets/d/1BsfQQcO9C6DZCsRaXUlFlo91Tg2WpOkGARC1WS5S8t0/edit?usp=sharing), generated with kicad-footprint-generator")
    (tags "capacitor handsolder")
    (path /5E6981BA)
    (attr smd)
    (fp_text reference C10 (at 0 -1.65 90) (layer F.SilkS)
      (effects (font (size 1 1) (thickness 0.15)))
    )
    (fp_text value 0.1uF (at 0 1.65 90) (layer F.Fab)
      (effects (font (size 1 1) (thickness 0.15)))
    )
    (fp_text user %R (at 0 0 90) (layer F.Fab)
      (effects (font (size 0.5 0.5) (thickness 0.08)))
    )
    (fp_line (start 1.85 0.95) (end -1.85 0.95) (layer F.CrtYd) (width 0.05))
    (fp_line (start 1.85 -0.95) (end 1.85 0.95) (layer F.CrtYd) (width 0.05))
    (fp_line (start -1.85 -0.95) (end 1.85 -0.95) (layer F.CrtYd) (width 0.05))
    (fp_line (start -1.85 0.95) (end -1.85 -0.95) (layer F.CrtYd) (width 0.05))
    (fp_line (start -0.261252 0.71) (end 0.261252 0.71) (layer F.SilkS) (width 0.12))
    (fp_line (start -0.261252 -0.71) (end 0.261252 -0.71) (layer F.SilkS) (width 0.12))
    (fp_line (start 1 0.6) (end -1 0.6) (layer F.Fab) (width 0.1))
    (fp_line (start 1 -0.6) (end 1 0.6) (layer F.Fab) (width 0.1))
    (fp_line (start -1 -0.6) (end 1 -0.6) (layer F.Fab) (width 0.1))
    (fp_line (start -1 0.6) (end -1 -0.6) (layer F.Fab) (width 0.1))
    (pad 2 smd roundrect (at 1.025 0 90) (size 1.15 1.4) (layers F.Cu F.Paste F.Mask) (roundrect_rratio 0.217391)
      (net 2 GND))
    (pad 1 smd roundrect (at -1.025 0 90) (size 1.15 1.4) (layers F.Cu F.Paste F.Mask) (roundrect_rratio 0.217391)
      (net 1 +5V))
    (model ${KISYS3DMOD}/Capacitor_SMD.3dshapes/C_0805_2012Metric.wrl
      (at (xyz 0 0 0))
      (scale (xyz 1 1 1))
      (rotate (xyz 0 0 0))
    )
  )

  (module Capacitor_SMD:C_0805_2012Metric_Pad1.15x1.40mm_HandSolder (layer F.Cu) (tedit 5B36C52B) (tstamp 5E378480)
    (at 106.925 87.63)
    (descr "Capacitor SMD 0805 (2012 Metric), square (rectangular) end terminal, IPC_7351 nominal with elongated pad for handsoldering. (Body size source: https://docs.google.com/spreadsheets/d/1BsfQQcO9C6DZCsRaXUlFlo91Tg2WpOkGARC1WS5S8t0/edit?usp=sharing), generated with kicad-footprint-generator")
    (tags "capacitor handsolder")
    (path /5E6926BB)
    (attr smd)
    (fp_text reference C11 (at 0 -1.65) (layer F.SilkS)
      (effects (font (size 1 1) (thickness 0.15)))
    )
    (fp_text value 0.1uF (at 0 1.65) (layer F.Fab)
      (effects (font (size 1 1) (thickness 0.15)))
    )
    (fp_line (start -1 0.6) (end -1 -0.6) (layer F.Fab) (width 0.1))
    (fp_line (start -1 -0.6) (end 1 -0.6) (layer F.Fab) (width 0.1))
    (fp_line (start 1 -0.6) (end 1 0.6) (layer F.Fab) (width 0.1))
    (fp_line (start 1 0.6) (end -1 0.6) (layer F.Fab) (width 0.1))
    (fp_line (start -0.261252 -0.71) (end 0.261252 -0.71) (layer F.SilkS) (width 0.12))
    (fp_line (start -0.261252 0.71) (end 0.261252 0.71) (layer F.SilkS) (width 0.12))
    (fp_line (start -1.85 0.95) (end -1.85 -0.95) (layer F.CrtYd) (width 0.05))
    (fp_line (start -1.85 -0.95) (end 1.85 -0.95) (layer F.CrtYd) (width 0.05))
    (fp_line (start 1.85 -0.95) (end 1.85 0.95) (layer F.CrtYd) (width 0.05))
    (fp_line (start 1.85 0.95) (end -1.85 0.95) (layer F.CrtYd) (width 0.05))
    (fp_text user %R (at 0 0) (layer F.Fab)
      (effects (font (size 0.5 0.5) (thickness 0.08)))
    )
    (pad 1 smd roundrect (at -1.025 0) (size 1.15 1.4) (layers F.Cu F.Paste F.Mask) (roundrect_rratio 0.217391)
      (net 1 +5V))
    (pad 2 smd roundrect (at 1.025 0) (size 1.15 1.4) (layers F.Cu F.Paste F.Mask) (roundrect_rratio 0.217391)
      (net 2 GND))
    (model ${KISYS3DMOD}/Capacitor_SMD.3dshapes/C_0805_2012Metric.wrl
      (at (xyz 0 0 0))
      (scale (xyz 1 1 1))
      (rotate (xyz 0 0 0))
    )
  )

